67
90
17
82
7
25
11
61
8
21
27
5
71
33
3
24
8
62
6
23
85
53
0
18
74
15
77
26
67
86
46
30
53
83
12
64
49
4
65
83
37
50
76
81
14
57
91
75
17
79
48
16
97
87
63
33
2
7
69
30
40
54
95
18
62
34
90
18
7
61
58
18
54
26
28
44
95
53
39
87
27
87
55
98
96
2
71
42
36
64
68
47
95
16
39
18
5
1
24
58
11
32
17
26
0
47
33
95
14
81
80
0
33
77
46
20
79
35
0
92
89
96
84
54
58
70
27
70
38
35
82
82
77
17
1
30
4
45
58
0
92
67
58
10
77
50
29
42
70
69
17
89
96
33
26
30
56
23
70
94
45
49
88
41
68
69
1
48
39
92
27
91
18
21
13
42
82
59
14
60
47
84
45
7
37
99
1
19
31
75
90
19
34
25
2
41
91
16
65
62
4
35
89
97
20
87
87
41
21
70
64
67
98
41
41
5
82
2
43
22
72
32
78
34
62
35
33
60
10
99
44
99
31
51
1
95
63
13
48
90
1
52
66
38
0
78
19
82
57
61
65
13
78
37
96
77
89
98
69
96
88
41
68
47
14
34
48
89
74
57
53
55
75
90
22
39
17
49
77
49
40
45
32
75
39
39
88
36
48
52
32
39
52
35
44
89
70
97
81
11
85
0
23
53
84
26
75
57
38
70
61
28
81
43
71
71
47
68
29
78
52
56
72
68
86
69
82
71
18
6
81
50
9
3
48
44
18
18
53
66
20
5
54
82
46
64
91
32
34
54
85
13
14
18
62
71
45
58
39
81
87
40
48
6
34
73
22
53
3
35
38
7
76
66
85
57
85
54
37
70
28
60
12
65
2
44
42
93
97
19
99
69
47
73
17
67
48
68
92
10
15
67
64
97
74
46
66
63
25
39
68
22
38
41
71
86
11
16
71
6
92
57
69
78
64
79
97
9
88
13
43
18
18
62
38
63
64
69
54
69
93
98
60
14
69
32
71
82
63
93
14
9
47
87
1
12
87
65
37
29
6
54
0
50
26
96
83
3
35
73
36
33
60
60
30
49
48
57
37
71
38
36
47
44
66
71
46
18
48
32
11
94
73
28
60
66
94
55
12
68
95
14
41
46
6
16
90
28
93
67
2
64
18
61
93
49
84
89
21
1
0
53
38
19
98
63
48
54
28
52
23
73
67
92
79
11
17
73
25
84
93
96
25
71
65
15
80
23
25
29
16
61
68
84
19
73
76
0
94
2
21
67
18
29
28
11
97
40
6
19
93
50
15
53
34
31
24
74
21
30
1
3
10
54
37
94
99
3
60
39
40
90
24
7
51
5
52
54
70
80
54
19
51
52
48
26
95
68
43
76
28
14
23
91
26
81
52
24
63
89
59
17
72
8
23
1
98
7
99
89
13
64
79
36
12
18
53
24
1
73
30
65
40
47
47
6
3
99
56
70
46
21
61
4
70
99
63
5
53
94
11
97
12
82
36
75
17
26
55
32
92
9
23
73
85
5
34
87
93
58
41
88
70
3
78
24
96
28
78
48
47
5
42
30
90
84
28
52
40
62
48
0
99
44
93
16
61
59
46
17
85
64
34
30
16
79
20
5
91
79
57
93
97
23
14
85
94
5
56
92
14
17
33
55
8
4
69
26
45
99
59
62
60
65
3
98
8
87
95
53
11
66
31
27
74
59
95
14
3
11
87
47
82
96
76
30
57
55
90
97
27
81
8
39
57
66
86
29
29
37
25
49
79
84
89
73
1
57
1
50
66
77
46
41
76
64
95
34
51
10
77
66
66
99
49
10
75
63
53
2
59
14
99
72
67
71
13
29
71
32
27
60
65
86
40
39
18
8
67
30
3
59
37
9
78
79
52
95
98
6
80
70
44
3
42
47
99
8
40
33
97
27
96
31
98
54
96
47
48
26
66
47
8
26
87
73
40
2
16
20
43
88
64
17
82
47
14
20
84
32
53
52
78
1
45
65
95
77
36
25
75
48
19
22
28
46
4
23
22
52
12
75
35
55
50
42
35
21
34
53
69
80
93
93
98
30
20
17
49
10
66
36
53
69
96
50
14
78
1
20
53
87
48
15
4
44
87
66
76
34
23
51
21
63
96
46
48
50
13
44
82
64
1
18
87
22
14
80
49
31
29
20
94
32
60
70
8
46
14
64
48
62
80
6
30
52
56
44
65
9
10
86
29
31
4
72
55
61
76
18
14
19
99
7
55
7
29
91
88
92
